(0, 1) 1.6298601571715883
(1, 2) 21.967045250884574
(2, 3) 24.248837498459743
(3, 4) 31.656920780926782
(4, 5) 36.63011693724014
(5, 6) 38.70885753769374
(6, 7) 39.78069384642222
(7, 8) 42.13634234817057
(8, 9) 43.4345468264533
(9, 10) 44.87356978960727
(10, 11) 45.56618205900264
(11, 12) 45.90664437370326
(12, 13) 46.270761140810386
(13, 14) 45.26352113719858
(14, 15) 44.64115958335511
(15, 16) 44.447265038284606
(16, 17) 44.87850752132039
(17, 18) 46.47405138884459
(18, 19) 44.96222557661112
(19, 20) 44.017778494738536
(20, 21) 38.90021649501393
(21, 22) 38.52197539867578
(22, 23) 32.56910964832838
(23, 24) 33.26980973398876
(24, 25) 36.42457023432455
(25, 26) 37.37583779268904
(26, 27) 39.55823077732326
(27, 28) 42.22890061273404
(28, 29) 43.352112592138155
(29, 30) 44.816754785279514
(30, 31) 43.5374793371946
(31, 32) 40.46042728806468
(32, 33) 31.815973898802042
(33, 34) 19.721380647792227
(34, 35) 3.0498050407841446
(35, 36) 1.034043847479729
(36, 37) 27.62040212088318
(37, 38) 33.03873098776828
(38, 39) 36.252735909695296
(39, 40) 39.475222595754566
(40, 41) 40.84441604078354
(41, 42) 42.31802927405092
(42, 43) 43.04518113470738
(43, 44) 44.23506901052576
(44, 45) 45.707698270554495
(45, 46) 46.74764740888441
(46, 47) 46.93808993577698
(47, 48) 47.38756852880829
(48, 49) 48.08016749130047
(49, 50) 48.384950964051264
(50, 51) 47.72210146759618
(51, 52) 46.18072149276072
(52, 53) 44.03968663829721
(53, 54) 42.545925567484176
(54, 55) 40.037571330446525
(55, 56) 39.052361573564426
(56, 57) 38.35986759287192
(57, 58) 39.2090087190296
(58, 59) 40.56490911425166
(59, 60) 40.11953968745815
(60, 61) 38.754525419890626
(61, 62) 36.822461411087765
(62, 63) 33.74913862483435
(63, 64) 26.11262069770385
(64, 65) 20.469769828052282
(65, 66) 0.9750398696206902
(66, 67) 21.938800322853236
(67, 68) 34.44645187839029
(68, 69) 38.948349916447484
(69, 70) 41.58461127171394
(70, 71) 42.484889690857074
(71, 72) 41.426757275373795
(72, 73) 37.525105456764
(73, 74) 35.00905119489349
(74, 75) 30.267691844942647
(75, 76) 26.197780261892266
(76, 77) 25.70036993214992
(77, 78) 24.08794079839876
(78, 79) 21.830525900359792
(79, 80) 18.82948182789666
(80, 81) 16.918648497961698
(81, 82) 14.272925583111787
(82, 83) 11.076548069749595
(83, 84) 4.695337712311665
(84, 85) 1.0771076505312858
(85, 86) 18.903628845745192
(86, 87) 23.96390742241967
(87, 88) 27.818825227265172
(88, 89) 31.81577469181241
(89, 90) 35.9417814223127
(90, 91) 39.520336941411394
(91, 92) 39.45619638893543
(92, 93) 41.906249335660625
(93, 94) 42.35879730938457
(94, 95) 40.878773391812516
(95, 96) 42.550906168520854
(96, 97) 41.9063909848603
(97, 98) 41.84129591333963
(98, 99) 42.03573531692513
(99, 100) 39.594596067468444
(100, 101) 39.594627988822154
(101, 102) 39.34497897698525
(102, 103) 37.41000932343175
(103, 104) 37.60864760450501
(104, 105) 35.10557802012761
(105, 106) 36.07204292786697
(106, 107) 37.21662828594659
(107, 108) 37.87766864293154
(108, 109) 37.08274652104938
(109, 110) 38.40969015329778
(110, 111) 37.808151478367016
(111, 112) 37.36312431467723
(112, 113) 34.56117978237634
(113, 114) 30.06852468237364
(114, 115) 26.148938708919925
(115, 116) 22.503405300644335
(116, 117) 20.793272134424846
(117, 118) 18.28378943395059
(118, 119) 1.2212133782319599
(119, 120) 12.833617612472095
(120, 121) 22.21067329155311
(121, 122) 28.40656345602095
(122, 123) 34.62361401589451
(123, 124) 37.28710949047088
(124, 125) 37.36362208504797
(125, 126) 36.073727896238395
(126, 127) 35.97814527337503
(127, 128) 34.863600396758386
(128, 129) 33.21833608315001
(129, 130) 28.018059050310743
(130, 131) 21.059071624670263
(131, 132) 7.613041135115342
(132, 133) 6.414803991841025
(133, 134) 17.675057089756336
(134, 135) 22.342065442268705
(135, 136) 28.115408988782736
(136, 137) 32.71564118519441
(137, 138) 36.364949994495234
(138, 139) 39.5745809259789
(139, 140) 40.65005566355317
(140, 141) 42.583410346164676
(141, 142) 43.00272268649582
(142, 143) 42.16535550445754
(143, 144) 42.56631826970717
(144, 145) 41.96925551391161
(145, 146) 43.30131272864757
(146, 147) 43.33821129648098
(147, 148) 45.0538349191024
(148, 149) 46.226687803259566
(149, 150) 47.59280825117393
(150, 151) 48.5085675562152
(151, 152) 48.639545387842524
(152, 153) 48.944317324337845
(153, 154) 48.72037394436687
(154, 155) 48.80960132292021
(155, 156) 48.5264820791491
(156, 157) 48.28936919214995
(157, 158) 48.19393414768012
(158, 159) 48.48568456533548
(159, 160) 47.95788368336194
(160, 161) 47.579042453043336
(161, 162) 47.10625864377415
(162, 163) 47.31419917399167
(163, 164) 46.69721001500261
(164, 165) 47.994199725097566
(165, 166) 47.36808389240538
(166, 167) 45.55889705126931
(167, 168) 44.472254014020265
(168, 169) 44.50500988842327
(169, 170) 41.435201138372
(170, 171) 38.813803311265055
(171, 172) 32.26588081073246
(172, 173) 22.819517458362782
(173, 174) 9.194586915976265
(174, 175) 0.6221574224016073
(175, 176) 27.387271106384706
(176, 177) 32.56011709458021
(177, 178) 31.353298395692917
(178, 179) 27.086047438570148
(179, 180) 25.87304922561711
(180, 181) 23.99481812674301
(181, 182) 21.208552002333906
(182, 183) 19.35558059026671
(183, 184) 16.955792647004927
(184, 185) 20.00530240270291
(185, 186) 21.305056186480236
(186, 187) 22.95531430622139
(187, 188) 24.490570327681954
(188, 189) 24.72451938826385
(189, 190) 21.598234321328135
(190, 191) 23.422194521065176
(191, 192) 18.661208094897226
(192, 193) 18.402757421554348
(193, 194) 26.14858504555237
